2006-05-16 17:11:36,1,299,208,265,32,579,257
2002-10-09 00:01:48,2,48,186,259,83,198,323
2007-08-02 17:57:39,3,272,210,177,80,499,213
2014-11-07 09:20:31,4,193,152,1089,34,141,207
2003-05-26 23:23:31,5,8,286,1191,65,134,83
2005-11-30 02:41:37,6,79,211,300,5,905,152
2004-07-17 10:37:31,7,95,350,274,102,704,334
2008-09-21 00:35:43,8,194,130,699,64,1157,39
2005-05-21 20:41:04,9,51,72,264,106,197,176
2004-06-01 18:48:30,10,15,304,1592,116,101,87
2010-02-09 18:18:56,1,15,54,714,68,708,49
2005-04-08 15:56:29,2,149,259,1436,24,155,266
2000-11-07 01:45:00,3,110,73,1257,110,117,218
2014-01-07 02:42:22,4,170,118,107,102,1004,206
2009-08-05 22:24:12,5,143,174,1427,76,446,325
2017-08-21 05:39:00,6,187,303,644,54,345,310
2010-10-13 09:44:18,7,31,214,1391,114,413,167
2002-05-06 03:31:59,8,145,339,1493,76,463,243
2013-03-29 13:00:27,9,106,314,1141,20,485,156
2001-01-03 07:12:16,10,224,100,1487,10,1046,203
2007-04-10 05:37:02,1,121,168,1502,34,993,366
2006-06-04 00:25:23,2,159,294,723,26,780,96
2013-07-26 19:41:17,3,214,251,1046,25,431,255
2004-07-01 14:56:00,4,25,233,625,69,813,256
2016-06-05 04:45:37,5,88,261,919,48,294,134
2014-05-11 09:45:35,6,131,61,1293,77,381,263
2014-12-03 10:55:43,7,141,68,232,96,834,389
2009-01-13 12:28:30,8,206,111,1027,37,151,325
2014-10-02 01:47:00,9,110,182,213,54,31,152
2012-04-29 02:18:24,10,37,125,1144,88,708,49
2001-12-16 00:06:06,1,176,333,528,12,510,314
2003-07-08 01:01:26,2,54,21,807,46,1174,95
2005-08-12 11:46:10,3,256,135,131,97,757,48
2011-09-21 18:20:49,4,204,68,509,19,911,193
2014-08-02 20:59:52,5,286,115,747,38,746,303
2004-08-27 20:11:15,6,87,348,229,63,232,1
2004-09-02 21:31:35,7,158,285,501,101,1117,135
2001-08-20 21:22:45,8,277,80,278,107,889,147
2013-04-24 08:25:59,9,223,9,277,26,250,49
2007-11-29 16:12:48,10,275,81,1575,81,315,248
2004-11-19 20:38:49,1,228,33,1527,82,682,5
2004-11-11 11:26:54,2,80,77,1220,60,207,181
2003-05-17 22:08:15,3,157,296,1403,48,368,376
2012-07-21 19:50:43,4,184,175,188,100,353,87
2016-05-07 11:16:20,5,239,0,1137,80,371,191
2014-10-19 16:30:10,6,96,59,1048,26,56,318
2000-04-05 17:15:42,7,22,255,1549,60,937,386
2003-09-07 21:19:19,8,153,193,204,35,118,299
2002-04-23 15:48:45,9,197,229,591,31,175,169
2000-02-22 01:33:02,10,250,91,123,45,711,28
2010-05-26 03:24:21,1,58,236,541,57,392,291
2008-03-17 08:19:43,2,64,313,275,120,958,266
2004-12-07 13:52:25,3,172,263,645,49,1006,28
2001-10-29 03:17:53,4,33,261,129,27,423,4
2013-10-15 07:50:19,5,188,70,1299,40,771,61
2007-02-12 20:38:58,6,132,271,1179,65,778,279
2016-05-30 17:58:05,7,72,168,1083,119,1190,113
2015-05-06 17:08:59,8,174,312,549,62,78,225
2016-02-15 10:37:24,9,169,294,267,56,965,140
2016-11-08 06:36:34,10,34,44,810,100,737,143
2014-11-02 15:56:00,1,249,284,656,108,1132,313
2003-08-25 13:10:34,2,24,78,193,91,921,359
2015-07-13 19:15:03,3,154,173,1295,110,1100,372
2004-03-11 18:15:43,4,21,143,1222,9,1158,199
2014-02-24 03:53:55,5,261,333,134,33,645,259
2010-07-05 06:03:13,6,126,4,485,108,868,179
2017-06-05 14:37:27,7,247,290,1209,27,1052,364
2005-01-27 14:03:49,8,142,44,645,36,448,108
2012-02-09 16:19:10,9,172,176,37,91,29,254
2012-03-25 18:43:16,10,226,272,1004,21,420,349
2014-02-08 19:49:18,1,247,333,947,73,372,251
2004-10-02 23:06:04,2,200,30,1414,70,642,172
2014-05-07 14:47:27,3,191,123,1367,82,670,335
2016-09-18 01:19:05,4,155,249,340,78,484,157
2014-05-22 03:35:05,5,258,54,36,82,642,44
2003-08-25 05:42:43,6,252,112,1555,92,190,259
2017-07-17 10:18:24,7,216,100,690,89,382,235
2005-09-01 00:23:32,8,81,347,959,39,962,216
2012-02-23 17:46:45,9,64,97,285,70,1150,321
2005-09-20 07:28:46,10,263,226,741,27,457,45
2015-01-27 06:31:53,1,146,117,43,68,788,6
2012-06-22 17:13:54,2,7,61,1409,66,109,45
2008-12-01 22:15:40,3,278,85,942,47,484,394
2017-04-30 16:33:50,4,14,36,1292,60,1000,171
2013-03-12 18:24:23,5,218,50,1162,112,290,127
2012-08-27 12:39:58,6,112,43,556,7,683,256
2008-04-28 13:22:46,7,224,168,1412,38,115,310
2017-09-18 20:09:26,8,157,50,1308,71,992,350
2011-06-25 16:14:40,9,63,49,876,12,157,82
2002-11-29 07:31:20,10,9,246,439,66,1061,12
2005-01-25 16:42:19,1,155,261,1238,109,1183,324
2007-03-21 23:03:11,2,21,242,1324,115,837,24
2002-07-14 21:10:07,3,78,229,1386,103,364,298
2000-02-26 19:45:47,4,234,28,311,83,127,371
2016-02-24 21:08:39,5,60,168,219,53,319,151
2016-06-16 04:33:10,6,284,199,606,3,914,377
2015-01-05 11:47:01,7,263,194,15,47,616,56
2003-05-01 20:49:51,8,72,303,1455,51,1089,39
2004-08-11 14:05:01,9,122,287,1240,76,616,307
2012-12-09 18:58:44,10,229,91,158,23,567,119
